Webots Project File version R2018b
perspectives: 000000ff00000000fd00000003000000000000000000000000fc0100000001fb0000001a0044006f00630075006d0065006e0074006100740069006f006e0000000000ffffffff0000005400ffffff0000000100000544000002b4fc0200000001fb0000001400540065007800740045006400690074006f0072010000001a000002b4000000a900ffffff0000000300000780000000fcfc0100000001fb0000000e0043006f006e0073006f006c00650100000000000007800000005400ffffff00000236000002b400000001000000020000000100000008fc00000000
simulationViewPerspectives: 000000ff000000010000000200000000000003aa0100000006010000000100
sceneTreePerspectives: 000000ff0000000100000002000000c0000000fc0100000006010000000200
minimizedPerspectives: 000000ff00000000fd00000003000000000000000000000000fc0100000001fb0000001a0044006f00630075006d0065006e0074006100740069006f006e0000000000ffffffff0000005400ffffff00000001000005c30000028dfc0200000001fb0000001400540065007800740045006400690074006f0072010000001a0000028d000000a900ffffff000000030000078000000123fc0100000001fb0000000e0043006f006e0073006f006c00650100000000000007800000005400ffffff000001b70000028d00000001000000020000000100000008fc00000000
maximizedDockId: -1
centralWidgetVisible: 1
selectionDisabled: 0
viewpointLocked: 0
orthographicViewHeight: 1
textFiles: 1 "controllers/reynolds2/reynolds2.c" "controllers/flock_super/flock_super.c" "../../../../../lab04/Code/webots/controllers/reynolds/reynolds.c" "../../../../../lab04/Code/webots/controllers/flocking_super/flocking_super.c"
renderingDevicePerspectives: epuck1:camera;1;0.820513;0;0.0393701
renderingDevicePerspectives: epuck2:camera;1;0.820513;0;0.0393701
renderingDevicePerspectives: epuck3:camera;1;0.820513;0;0.0393701
renderingDevicePerspectives: epuck0:camera;1;0.820513;0;0.0393701
