Webots Project File version R2018b
perspectives: 000000ff00000000fd00000003000000000000000000000000fc0100000001fb0000001a0044006f00630075006d0065006e0074006100740069006f006e0000000000ffffffff0000006900ffffff000000010000026f000002e6fc0200000001fb0000001400540065007800740045006400690074006f00720100000013000002e60000008900ffffff0000000300000774000000cdfc0100000001fb0000000e0043006f006e0073006f006c00650100000000000007740000006900ffffff00000503000002e600000001000000020000000100000008fc00000000
simulationViewPerspectives: 000000ff00000001000000020000016c0000071f0100000002010000000100
sceneTreePerspectives: 000000ff0000000100000002000000c0000001080100000002010000000200
maximizedDockId: -1
centralWidgetVisible: 1
selectionDisabled: 0
viewpointLocked: 0
orthographicViewHeight: 1
textFiles: 1 "controllers/flock_controller/flock_controller.c" "controllers/flock_super/flock_super.c"
renderingDevicePerspectives: epuck3:camera;1;0.820513;0;0.0285714
renderingDevicePerspectives: epuck0:camera;1;0.820513;0;0.0285714
renderingDevicePerspectives: epuck2:camera;1;0.820513;0;0.0285714
renderingDevicePerspectives: epuck4:camera;1;0.820513;0;0.0285714
renderingDevicePerspectives: epuck1:camera;1;0.820513;0;0.0285714
