Webots Project File version R2018b
perspectives: 000000ff00000000fd0000000300000000000002a4000003b6fc0100000001fb0000001a0044006f00630075006d0065006e0074006100740069006f006e0000000000ffffffff0000005400ffffff00000001000003b50000025ffc0200000001fb0000001400540065007800740045006400690074006f0072010000001a0000025f000000a900ffffff000000030000078000000151fc0100000001fb0000000e0043006f006e0073006f006c00650100000000000007800000005400ffffff000003c50000025f00000001000000020000000100000008fc00000000
simulationViewPerspectives: 000000ff0000000100000002000001590000029c0100000006010000000100
sceneTreePerspectives: 000000ff0000000100000002000000c0000000000100000006010000000200
minimizedPerspectives: 000000ff00000000fd0000000300000000000002a4000003b6fc0100000001fb0000001a0044006f00630075006d0065006e0074006100740069006f006e0000000000ffffffff0000005400ffffff00000001000003b500000335fc0200000001fb0000001400540065007800740045006400690074006f0072010000001a00000335000000a900ffffff00000003000007800000007bfc0100000001fb0000000e0043006f006e0073006f006c00650100000000000007800000005400ffffff000003c50000033500000001000000020000000100000008fc00000000
maximizedDockId: -1
centralWidgetVisible: 1
selectionDisabled: 0
viewpointLocked: 0
orthographicViewHeight: 1
textFiles: 0 "controllers/reynolds2/reynolds2.c" "controllers/flock_super2/flock_super2.c"
renderingDevicePerspectives: epuck4:camera;1;0.820513;0;0
renderingDevicePerspectives: epuck1:camera;1;0.820513;0;0
renderingDevicePerspectives: epuck0:camera;1;0.820513;0;0
renderingDevicePerspectives: epuck2:camera;1;0.820513;0;0
renderingDevicePerspectives: epuck3:camera;1;0.820513;0;0
