Webots Project File version R2018b
perspectives: 000000ff00000000fd0000000300000000000002a4000003b6fc0100000001fb0000001a0044006f00630075006d0065006e0074006100740069006f006e0000000000ffffffff0000005400ffffff00000001000003be000003acfc0200000001fb0000001400540065007800740045006400690074006f0072010000001a000003ac000000a900ffffff000000030000078000000117fc0100000001fb0000000e0043006f006e0073006f006c00650000000000000007800000005400ffffff00000000000003ac00000001000000020000000100000008fc00000000
simulationViewPerspectives: 000000ff000000010000000200000178000001cd0100000006010000000100
sceneTreePerspectives: 000000ff0000000100000002000000c0000000fc0100000006010000000200
minimizedPerspectives: 000000ff00000000fd0000000300000000000002a4000003b6fc0100000001fb0000001a0044006f00630075006d0065006e0074006100740069006f006e0000000000ffffffff0000005400ffffff000000010000037f00000299fc0200000001fb0000001400540065007800740045006400690074006f0072010000001a00000299000000a900ffffff000000030000078000000117fc0100000001fb0000000e0043006f006e0073006f006c00650100000000000007800000005400ffffff000003fb0000029900000001000000020000000100000008fc00000000
maximizedDockId: 2
centralWidgetVisible: 0
selectionDisabled: 0
viewpointLocked: 0
orthographicViewHeight: 1
textFiles: 0 "controllers/reynolds2/reynolds2.c" "controllers/flock_super2/flock_super2.c"
renderingDevicePerspectives: epuck0:camera;1;0.820513;0;0
renderingDevicePerspectives: epuck3:camera;1;0.820513;0;0
renderingDevicePerspectives: epuck4:camera;1;0.820513;0;0
renderingDevicePerspectives: epuck2:camera;1;0.820513;0;0
renderingDevicePerspectives: epuck1:camera;1;0.820513;0;0
